Total Umbrales: 15 --> [[[0, 0.45958100261894896], [1, 1.5527164762716816], [2, 1.4021912381119181], [3, -6.917637005616323], [4, 1.2878504860829862], [5, -0.9972600105021239], [6, 1.904319827373232]], [[0, 0.4986983057772414], [1, -1.5685977409527823], [2, 1.092827551861618], [3, 1.2919748398267505], [4, 0.7291770724511114], [5, 1.5554568231067427], [6, 0.7789488506730723]], [[0, -1.9778432732394773]]]







'

Total Pesos: 63 --> [[[[0, 0, 0, 1.6496795839571166], [0, 0, 1, -2.076706141098172], [0, 0, 2, -1.8747541286596936], [0, 0, 3, 10.493906450914448], [0, 0, 4, 1.0023564310931257], [0, 0, 5, 2.88386184534628], [0, 0, 6, -3.0321461778697705]], [], [], [], [], [], [], 
[], [], [], [], [], [], [], [], [], [], [], [], [], [], [], [], [], [], [], [], [], [], [], [], [], [], [], [], [], [], []], [[[1, 0, 0, 0.8080974065187624], [1, 0, 1, 1.0108389386262946], [1, 0, 2, 0.8237994268391088], [1, 0, 3, 0.550869324263425], [1, 0, 4, 1.0218989350246344], [1, 0, 5, 1.2886621349079788], [1, 0, 6, 0.6075641327609135]], [[1, 1, 0, 0.213828396215652], [1, 1, 1, -2.5037772277279995], [1, 1, 2, 0.7310204280868059], [1, 1, 3, 1.3189394111026103], [1, 1, 4, 0.13145279087439582], [1, 1, 5, 0.677981844492519], [1, 1, 6, 1.0059817848185728]], [[1, 2, 0, 0.3559520854947624], [1, 2, 1, -2.269047248263887], [1, 2, 2, 1.3248200068506857], [1, 2, 3, 1.64081347298719], [1, 2, 4, 0.430655073287436], [1, 2, 5, 1.0889621892259413], [1, 2, 6, 1.1682349184023284]], [[1, 3, 0, 3.0035105791835517], [1, 3, 1, 10.958721448817446], [1, 3, 2, 0.23974998324852062], [1, 3, 3, 0.01038020434016878], [1, 3, 4, 1.971814790318275], [1, 3, 5, 0.6108913812701499], [1, 3, 6, 0.7883347172339064]], [[1, 4, 0, 0.8211641869506661], [1, 4, 1, 0.03260694577201709], [1, 4, 2, 1.3040630792539456], [1, 4, 3, 0.9893417339304503], [1, 4, 4, 0.751082897301761], [1, 4, 5, 0.608786337063043], [1, 4, 6, 1.1050209171838952]], [[1, 5, 0, 1.2444104740689033], [1, 5, 1, 2.5142285439548226], [1, 5, 2, 0.7368495922082586], [1, 5, 3, 0.23161184918831138], [1, 5, 4, 1.2614732935892046], [1, 5, 5, 0.8778816341400836], [1, 5, 6, 1.0784148570252738]], [[1, 6, 0, -0.24733494097242095], [1, 6, 1, -3.493469734467745], [1, 6, 2, 1.4141576977091213], [1, 6, 3, 1.0959905782778872], [1, 6, 4, 0.31203696875750736], [1, 6, 5, 0.9687512651228731], [1, 6, 6, 1.1005636405054855]], [], [], [], [], [], [], [], [], [], [], [], [], [], [], [], [], [], [], [], [], [], [], [], [], [], [], [], [], [], [], []], [[[2, 0, 0, 1.7201715880460233]], [[2, 1, 0, 4.559484542021186]], [[2, 
2, 0, -1.4324792849267307]], [[2, 3, 0, -1.8607515964016486]], [[2, 4, 0, 0.9508877317009614]], [[2, 5, 0, -1.2738390741405643]], [[2, 6, 0, -0.48433276998731084]], [], [], [], [], [], [], [], [], [], [], [], [], [], [], [], [], [], [], [], [], [], [], [], [], [], 
[], [], [], [], [], []], [[], [], [], [], [], [], [], [], [], [], [], [], [], [], [], [], [], [], [], [], [], [], [], [], [], [], [], [], [], [], [], [], [], [], [], [], [], []], [[], [], [], [], [], [], [], [], [], [], [], [], [], [], [], [], [], [], [], [], [], [], [], [], [], [], [], [], [], [], [], [], [], [], [], [], [], []], [[], [], [], [], [], [], [], [], [], [], [], [], [], [], [], [], [], [], [], [], [], [], [], [], [], [], [], [], [], [], [], [], [], [], [], [], [], []], [[], [], [], [], [], [], [], [], [], [], [], [], [], [], [], [], [], [], [], [], [], [], [], [], [], [], [], [], [], [], [], [], [], [], [], [], [], []], [[], [], [], [], [], [], [], [], [], [], [], [], [], [], [], [], [], [], [], [], [], [], [], [], [], [], [], [], [], [], [], [], [], [], [], [], [], []], 
[[], [], [], [], [], [], [], [], [], [], [], [], [], [], [], [], [], [], [], [], [], [], [], [], [], [], [], [], [], [], [], [], [], [], [], [], [], []], [[], [], [], [], [], [], [], [], [], [], [], [], [], [], [], [], [], [], [], [], [], [], [], [], [], [], [], [], [], [], [], [], [], [], [], [], [], []], [[], [], [], [], [], [], [], [], [], [], [], [], [], [], [], [], [], [], [], [], [], [], [], [], [], [], [], [], [], [], [], [], [], [], [], [], [], []], [[], [], [], [], [], [], [], [], [], [], [], [], [], [], [], [], [], [], [], [], [], [], [], [], [], [], [], [], [], [], [], [], [], [], [], [], [], []], [[], [], [], [], [], [], [], [], [], [], [], [], [], [], [], [], [], [], [], [], [], [], [], [], [], [], [], [], [], [], [], [], [], [], [], [], [], []], [[], [], [], [], [], [], 
[], [], [], [], [], [], [], [], [], [], [], [], [], [], [], [], [], [], [], [], [], [], [], [], [], [], [], [], [], [], [], []], [[], [], [], [], [], [], [], [], [], [], [], [], [], [], [], [], [], [], [], [], [], [], [], [], [], [], [], [], [], [], [], [], [], [], [], [], [], []]]