         494(+4501(+1,4%)	7(=)480(−4,2%)	7(=)483(+0,62%)	8(+492(+1,9%)	8(=)493(+0,2%)	9(+1502(+1,8%)	9(=)508(+1,2%)	9(=)517(+1,8%)	9(=)528(+2,1%)	10(+535(+1,3%)	10(=543(+1,5%)	12(+549(+1,1%)	12(=557(+1,5%)	12(=563(+1,1%)	12(=596(+5,9%)	14(+606(+1,7%)	15(+620(+2,3%)	15(=625(+0,81%)	15(630(+0,8%)	15(=643(+2,1%)	17(+648(+0,78%)	17(652(+0,62%)	17(655(+0,46%)	17(657(+0,31%)	17(670(+2%)	17(=)
673(+0,45%)	17(684(+1,6%)	17(=694(+1,5%)	18(+702(+1,2%)	18(=707(+0,71%)	19(711(+0,57%)	19(717(+0,84%)	19(719(+0,28%)	19(724(+0,7%)	19(=732(+1,1%)	19(=733(+0,14%)	19(734(+0,14%)	20(737(+0,41%)	20(738(+0,14%)	20(746(+1,1%)	20(=749(+0,4%)	20(=753(+0,53%)	20(764(+1,5%)	22(+769(+0,65%)	22(787(+2,3%)	22(=789(+0,25%)	22(803(+1,8%)	22(=811(+1%)	22(=)
816(+0,62%)	22(821(+0,61%)	22(823(+0,24%)	22(825(+0,24%)	23(826(+0,12%)	23(828(+0,24%)	23(832(+0,48%)	23(834(+0,24%)	23(845(+1,3%)	23(=845(=)	23(=)
845(=)	23(=)
846(+0,12%)	23(847(+0,12%)	23(847(=)	23(=)
847(=)	23(=)
847(=)	23(=)
848(+0,12%)	23(848(=)	23(=)
849(+0,12%)	24(849(=)	24(=)
850(+0,12%)	24(853(+0,35%)	24(859(+0,7%)	25(+876(+2%)	25(=)
882(+0,68%)	25(885(+0,34%)	25(902(+1,9%)	26(+907(+0,55%)	26(919(+1,3%)	26(=924(+0,54%)	26(929(+0,54%)	27(932(+0,32%)	27(936(+0,43%)	27(943(+0,75%)	28(947(+0,42%)	28(952(+0,53%)	28(955(+0,32%)	28(956(+0,1%)	28(=960(+0,42%)	29(965(+0,52%)	29(974(+0,93%)	29(977(+0,31%)	29(985(+0,82%)	29(986(+0,1%)	30(+987(+0,1%)	31(+989(+0,2%)	31(=997(+0,81%)	31(1009(+1,2%)	31(1026(+1,7%)	32(1037(+1,1%)	32(1044(+0,68%)	331054(+0,96%)	331064(+0,95%)	331096(+3%)	33(=)1117(+1,9%)	34(1141(+2,1%)	34(1166(+2,2%)	34(1174(+0,69%)	341192(+1,5%)	34(1202(+0,84%)	351218(+1,3%)	35(1237(+1,6%)	35(1243(+0,49%)	351264(+1,7%)	35(1278(+1,1%)	35(1286(+0,63%)	361291(+0,39%)	361300(+0,7%)	37(1309(+0,69%)	371318(+0,69%)	371325(+0,53%)	371335(+0,75%)	371353(+1,3%)	37(1364(+0,81%)	371385(+1,5%)	37(1393(+0,58%)	371409(+1,1%)	37(1421(+0,85%)	381434(+0,91%)	381440(+0,42%)	381457(+1,2%)	40(1485(+1,9%)	40(1493(+0,54%)	401506(+0,87%)	411516(+0,66%)	421521(+0,33%)	421527(+0,39%)	421533(+0,39%)	421536(+0,2%)	43(1543(+0,46%)	431551(+0,52%)	431556(+0,32%)	431570(+0,9%)	44(1585(+0,96%)	441595(+0,63%)	441611(+1%)	44(=)1626(+0,93%)	441636(+0,62%)	441653(+1%)	45(+21669(+0,97%)	451679(+0,6%)	45(1693(+0,83%)	451712(+1,1%)	45(1741(+1,7%)	45(1759(+1%)	45(=)1773(+0,8%)	45(1780(+0,39%)	451808(+1,6%)	45(1812(+0,22%)	451827(+0,83%)	451856(+1,6%)	45(1876(+1,1%)	46(1890(+0,75%)	461904(+0,74%)	461917(+0,68%)	461927(+0,52%)	461934(+0,36%)	461946(+0,62%)	471959(+0,67%)	471967(+0,41%)	471998(+1,6%)	47(2008(+0,5%)	47(2010(+0,1%)	47(2033(+1,1%)	48(2046(+0,64%)	482061(+0,73%)	482097(+1,7%)	48(2122(+1,2%)	48(2145(+1,1%)	48(2155(+0,47%)	482177(+1%)	49(+22206(+1,3%)	49(2226(+0,91%)	492251(+1,1%)	49(2268(+0,76%)	502294(+1,1%)	50(2313(+0,83%)	512337(+1%)	51(=)2388(+2,2%)	51(2417(+1,2%)	51(2450(+1,4%)	51(2501(+2,1%)	51(2531(+1,2%)	51(2560(+1,1%)	51(2623(+2,5%)	52(2663(+1,5%)	53(2701(+1,4%)	53(2759(+2,1%)	53(2807(+1,7%)	53(2851(+1,6%)	53(2872(+0,74%)	542916(+1,5%)	54(2981(+2,2%)	55(3044(+2,1%)	57(3082(+1,2%)	58(3124(+1,4%)	58(3149(+0,8%)	59(3165(+0,51%)	603196(+0,98%)	613245(+1,5%)	61(3309(+2%)	61(=)3370(+1,8%)	61(3441(+2,1%)	61(3514(+2,1%)	62(3560(+1,3%)	62(3620(+1,7%)	62(3700(+2,2%)	63(3795(+2,6%)	63(3883(+2,3%)	64(3957(+1,9%)	64(4030(+1,8%)	65(4104(+1,8%)	67(4208(+2,5%)	68(4296(+2,1%)	68(4377(+1,9%)	69(4477(+2,3%)	69(4564(+1,9%)	69(4699(+3%)	71(+24763(+1,4%)	71(4870(+2,2%)	72(4988(+2,4%)	73(5117(+2,6%)	73(5303(+3,6%)	74(5511(+3,9%)	75(5716(+3,7%)	76(5857(+2,5%)	77(6024(+2,9%)	78(6225(+3,3%)	80(6455(+3,7%)	80(6731(+4,3%)	80(6965(+3,5%)	81(7303(+4,9%)	82(7505(+2,8%)	83(7806(+4%)	86(+38104(+3,8%)	87(8487(+4,7%)	90(8849(+4,3%)	90(9180(+3,7%)	91(9708(+5,8%)	92(10 029(+3,3%)	910 418(+3,9%)	910 893(+4,6%)	111 436(+5%)	10511 950(+4,5%)	112 557(+5,1%)	113 048(+3,9%)	113 477(+3,3%)	114 001(+3,9%)	114 710(+5,1%)	115 457(+5,1%)	115 848(+2,5%)	116 218(+2,3%)	116 728(+3,1%)	117 306(+3,5%)	117 962(+3,8%)	118 480(+2,9%)	119 119(+3,5%)	119 753(+3,3%)	120 275(+2,6%)	220 823(+2,7%)	221 426(+2,9%)	222 104(+3,2%)	223 048(+4,3%)	223 807(+3,3%)	224 339(+2,2%)	224 974(+2,6%)	226 186(+4,9%)	226 901(+2,7%)	227 846(+3,5%)	228 475(+2,3%)	229 989(+5,3%)	230 946(+3,2%)	231 669(+2,3%)	232 378(+2,2%)	332 863(+1,5%)	333 446(+1,8%)	334 294(+2,5%)	334 992(+2%)	34736 170(+3,4%)	336 967(+2,2%)	337 633(+1,8%)	338 041(+1,1%)	338 680(+1,7%)	439 328(+1,7%)	439 887(+1,4%)	440 529(+1,6%)	441 181(+1,6%)	441 738(+1,4%)	442 128(+0,93%)	42 667(+1,3%)	443 215(+1,3%)	443 804(+1,4%)	444 303(+1,1%)	444 812(+1,1%)	445 311(+1,1%)	445 650(+0,75%)	46 153(+1,1%)	546 788(+1,4%)	547 254(+1%)	52447 828(+1,2%)	548 459(+1,3%)	548 909(+0,93%)	49 360(+0,92%)	49 725(+0,74%)	50 208(+0,97%)	50 752(+1,1%)	551 377(+1,2%)	552 163(+1,5%)	552 815(+1,2%)	553 310(+0,94%)	53 973(+1,2%)	554 874(+1,7%)	555 695(+1,5%)	556 542(+1,5%)	657 362(+1,5%)	657 994(+1,1%)	658 589(+1%)	61159 171(+0,99%)	60 174(+1,7%)	660 945(+1,3%)	661 929(+1,6%)	663 010(+1,7%)	663 837(+1,3%)	664 700(+1,4%)	665 527(+1,3%)	666 484(+1,5%)	
